1001;4;1;1;Buku_Tulis;Alice's_Emporium;2;10000.000000;1760795408;1
1002;4;2;5;Obeng_Set;Bob's_Hardware;1;75000.000000;1760795408;0
1003;3;2;4;Palu;Bob's_Hardware;3;150000.000000;1760795408;0
1004;3;2;6;Paku_1kg;Bob's_Hardware;3;75000.000000;1760795408;1
1005;3;1;1;Buku_Tulis;Alice's_Emporium;3;15000.000000;1760795408;1
1006;3;1;2;Pensil_2B;Alice's_Emporium;1;2000.000000;1760795408;1
1007;3;2;4;Palu;Bob's_Hardware;5;250000.000000;1760795408;1
1008;3;1;2;Pensil_2B;Alice's_Emporium;2;4000.000000;1760795408;0
1009;4;1;2;Pensil_2B;Alice's_Emporium;2;4000.000000;1760795408;1
1010;4;1;2;Pensil_2B;Alice's_Emporium;4;8000.000000;1760795408;1
1011;4;2;4;Palu;Bob's_Hardware;4;200000.000000;1760795408;1
1012;1;2;4;Palu;Bob's_Hardware;5;250000.000000;1760795408;0
1013;3;1;1;Buku_Tulis;Alice's_Emporium;2;10000.000000;1760795408;1
1014;1;2;4;Palu;Bob's_Hardware;2;100000.000000;1760795408;1
1015;3;2;6;Paku_1kg;Bob's_Hardware;2;50000.000000;1760795408;1
1016;4;1;3;Penghapus;Alice's_Emporium;3;4500.000000;1760363408;1
1017;4;2;6;Paku_1kg;Bob's_Hardware;2;50000.000000;1760277008;1
1018;2;1;1;Buku_Tulis;Alice's_Emporium;2;10000.000000;1760449808;0
1019;1;2;6;Paku_1kg;Bob's_Hardware;5;125000.000000;1760277008;1
1020;3;2;6;Paku_1kg;Bob's_Hardware;3;75000.000000;1760622608;0
1021;3;2;5;Obeng_Set;Bob's_Hardware;1;75000.000000;1760190608;1
1022;1;2;4;Palu;Bob's_Hardware;5;250000.000000;1760536208;0
1023;4;1;3;Penghapus;Alice's_Emporium;5;7500.000000;1760277008;1
1024;4;1;2;Pensil_2B;Alice's_Emporium;4;8000.000000;1760536208;2
1025;4;2;5;Obeng_Set;Bob's_Hardware;4;300000.000000;1760190608;1
1026;4;2;5;Obeng_Set;Bob's_Hardware;1;75000.000000;1760536208;2
1027;3;1;3;Penghapus;Alice's_Emporium;4;6000.000000;1760363408;1
1028;1;2;4;Palu;Bob's_Hardware;2;100000.000000;1760449808;0
1029;2;1;2;Pensil_2B;Alice's_Emporium;2;4000.000000;1760709008;1
1030;2;1;2;Pensil_2B;Alice's_Emporium;4;8000.000000;1760190608;1
1031;4;1;2;Pensil_2B;Alice's_Emporium;2;4000.000000;1760709008;0
1032;4;1;1;Buku_Tulis;Alice's_Emporium;2;10000.000000;1760449808;1
1033;3;1;2;Pensil_2B;Alice's_Emporium;2;4000.000000;1760449808;0
1034;3;2;5;Obeng_Set;Bob's_Hardware;3;225000.000000;1760277008;1
1035;2;1;2;Pensil_2B;Alice's_Emporium;2;4000.000000;1760363408;1
1036;4;1;1;Buku_Tulis;Alice's_Emporium;5;25000.000000;1760277008;1
1037;2;1;2;Pensil_2B;Alice's_Emporium;3;6000.000000;1760363408;1
1038;3;2;6;Paku_1kg;Bob's_Hardware;3;75000.000000;1760190608;1
1039;1;2;5;Obeng_Set;Bob's_Hardware;3;225000.000000;1760190608;1
1040;4;1;1;Buku_Tulis;Alice's_Emporium;5;25000.000000;1760709008;2
1041;3;2;6;Paku_1kg;Bob's_Hardware;5;125000.000000;1760709008;1
1042;4;1;3;Penghapus;Alice's_Emporium;5;7500.000000;1760622608;1
1043;3;1;1;Buku_Tulis;Alice's_Emporium;2;10000.000000;1760622608;1
1044;2;1;3;Penghapus;Alice's_Emporium;2;3000.000000;1760709008;1
1045;4;1;1;Buku_Tulis;Alice's_Emporium;1;5000.000000;1760363408;1
1046;1;2;5;Obeng_Set;Bob's_Hardware;3;225000.000000;1760277008;1
1047;4;2;5;Obeng_Set;Bob's_Hardware;5;375000.000000;1760190608;1
1048;3;1;2;Pensil_2B;Alice's_Emporium;5;10000.000000;1760709008;1
1049;2;1;2;Pensil_2B;Alice's_Emporium;3;6000.000000;1760277008;0
1050;3;2;6;Paku_1kg;Bob's_Hardware;5;125000.000000;1760622608;1
1051;1;2;5;Obeng_Set;Bob's_Hardware;3;225000.000000;1756389008;1
1052;1;2;6;Paku_1kg;Bob's_Hardware;5;125000.000000;1758376208;1
1053;4;2;6;Paku_1kg;Bob's_Hardware;4;100000.000000;1759499408;0
1054;3;2;4;Palu;Bob's_Hardware;1;50000.000000;1757339408;1
1055;3;2;5;Obeng_Set;Bob's_Hardware;1;75000.000000;1753537808;1
1056;4;2;4;Palu;Bob's_Hardware;3;150000.000000;1760017808;0
1057;1;2;5;Obeng_Set;Bob's_Hardware;1;75000.000000;1756993808;1
1058;2;1;2;Pensil_2B;Alice's_Emporium;1;2000.000000;1754142608;0
1059;1;2;6;Paku_1kg;Bob's_Hardware;5;125000.000000;1757166608;1
1060;2;1;1;Buku_Tulis;Alice's_Emporium;3;15000.000000;1753365008;0
1061;4;2;6;Paku_1kg;Bob's_Hardware;3;75000.000000;1755784208;1
1062;3;2;5;Obeng_Set;Bob's_Hardware;2;150000.000000;1757253008;1
1063;1;2;5;Obeng_Set;Bob's_Hardware;1;75000.000000;1757771408;2
1064;3;1;2;Pensil_2B;Alice's_Emporium;5;10000.000000;1754661008;1
1065;1;2;4;Palu;Bob's_Hardware;2;100000.000000;1756475408;1
1066;3;2;5;Obeng_Set;Bob's_Hardware;5;375000.000000;1753624208;1
1067;3;2;6;Paku_1kg;Bob's_Hardware;2;50000.000000;1754488208;0
1068;2;1;1;Buku_Tulis;Alice's_Emporium;2;10000.000000;1756129808;1
1069;2;1;3;Penghapus;Alice's_Emporium;1;1500.000000;1756302608;1
1070;3;1;2;Pensil_2B;Alice's_Emporium;2;4000.000000;1756302608;0
1071;4;2;5;Obeng_Set;Bob's_Hardware;1;75000.000000;1756475408;1
1072;3;1;1;Buku_Tulis;Alice's_Emporium;5;25000.000000;1755870608;1
1073;4;2;4;Palu;Bob's_Hardware;5;250000.000000;1753451408;1
1074;4;1;2;Pensil_2B;Alice's_Emporium;2;4000.000000;1755611408;0
1075;3;2;5;Obeng_Set;Bob's_Hardware;1;75000.000000;1757771408;0
1076;3;1;1;Buku_Tulis;Alice's_Emporium;5;25000.000000;1755006608;1
1077;1;2;5;Obeng_Set;Bob's_Hardware;4;300000.000000;1756993808;1
1078;2;1;3;Penghapus;Alice's_Emporium;5;7500.000000;1756561808;1
1079;4;2;4;Palu;Bob's_Hardware;5;250000.000000;1755784208;1
1080;1;2;4;Palu;Bob's_Hardware;1;50000.000000;1758894608;1
1081;3;1;3;Penghapus;Alice's_Emporium;4;6000.000000;1758117008;0
1082;4;1;3;Penghapus;Alice's_Emporium;4;6000.000000;1758030608;1
1083;3;2;4;Palu;Bob's_Hardware;3;150000.000000;1753883408;1
1084;4;1;3;Penghapus;Alice's_Emporium;2;3000.000000;1755265808;1
1085;3;1;3;Penghapus;Alice's_Emporium;1;1500.000000;1755784208;0
1086;3;1;3;Penghapus;Alice's_Emporium;5;7500.000000;1758981008;1
1087;4;2;6;Paku_1kg;Bob's_Hardware;5;125000.000000;1758981008;0
1088;4;2;5;Obeng_Set;Bob's_Hardware;1;75000.000000;1756129808;0
1089;4;2;4;Palu;Bob's_Hardware;2;100000.000000;1757166608;1
1090;1;2;5;Obeng_Set;Bob's_Hardware;4;300000.000000;1757944208;1
1091;1;2;6;Paku_1kg;Bob's_Hardware;4;100000.000000;1756993808;1
1092;3;1;3;Penghapus;Alice's_Emporium;5;7500.000000;1757253008;1
1093;4;2;5;Obeng_Set;Bob's_Hardware;5;375000.000000;1758376208;1
1094;4;1;1;Buku_Tulis;Alice's_Emporium;4;20000.000000;1758376208;1
1095;3;2;4;Palu;Bob's_Hardware;2;100000.000000;1756907408;1
1096;2;1;3;Penghapus;Alice's_Emporium;3;4500.000000;1755006608;1
1097;3;1;3;Penghapus;Alice's_Emporium;1;1500.000000;1757598608;1
1098;4;1;2;Pensil_2B;Alice's_Emporium;3;6000.000000;1755179408;1
1099;3;2;6;Paku_1kg;Bob's_Hardware;3;75000.000000;1755611408;1
1100;2;1;2;Pensil_2B;Alice's_Emporium;4;8000.000000;1753883408;1
